3.084140559999999809e+00,2.118564190000000291e+00,0.000000000000000000e+00,5.670152087179585187e+00,0.000000000000000000e+00,3.551587897179585784e+00,1.513344229999999957e+00
3.106378281239689620e+00,2.085627816026424775e+00,-1.670543320241024698e-05,5.610428323849933285e+00,2.097803380651715455e-01,3.502796865257205017e+00,1.535581951333333306e+00
3.128616002479378988e+00,2.052691442052848814e+00,-3.341086640482049397e-05,5.550704560520280495e+00,4.195606761303430909e-01,3.454005833334823805e+00,1.557819672666666655e+00
3.150853723719068800e+00,2.019755068079273297e+00,-5.011629960723074095e-05,5.490980797190628593e+00,6.293410141955145809e-01,3.405214801412443038e+00,1.580057394000000004e+00
3.173091444958758167e+00,1.986818694105697336e+00,-6.682173280964098794e-05,5.431257033860976691e+00,8.391213522606861819e-01,3.356423769490062270e+00,1.602295115333333353e+00
3.195329166198447979e+00,1.953882320132121819e+00,-8.352716601205123492e-05,5.371533270531324789e+00,1.048901690325857672e+00,3.307632737567681502e+00,1.624532836666666480e+00
3.217566887438137790e+00,1.920945946158546080e+00,-1.002325992144614819e-04,5.311809507201671998e+00,1.258682028391029162e+00,3.258841705645300291e+00,1.646770557999999829e+00
3.239804608677827158e+00,1.888009572184970342e+00,-1.169380324168717153e-04,5.252085743872020096e+00,1.468462366456200652e+00,3.210050673722919523e+00,1.669008279333333178e+00
3.262042329917516970e+00,1.855073198211394603e+00,-1.336434656192819759e-04,5.192361980542368194e+00,1.678242704521372364e+00,3.161259641800538311e+00,1.691246000666666527e+00
3.284280051157206337e+00,1.822136824237818864e+00,-1.503488988216922229e-04,5.132638217212715404e+00,1.888023042586543854e+00,3.112468609878157544e+00,1.713483721999999876e+00
3.306517772396896149e+00,1.789200450264243125e+00,-1.670543320241024698e-04,5.072914453883063501e+00,2.097803380651715344e+00,3.063677577955776776e+00,1.735721443333333225e+00
3.328755493635822571e+00,1.773290338195597338e+00,6.721405887453485873e-04,5.013763195264100858e+00,2.307565667225511152e+00,3.014624666665553843e+00,1.757959164666666574e+00
3.350993214874748993e+00,1.757380226126951328e+00,1.511335509514799644e-03,4.954611936645138215e+00,2.517327953799307405e+00,2.965571755375330465e+00,1.780196885999999923e+00
3.373230936113674971e+00,1.741470114058305541e+00,2.350530430284250485e-03,4.895460678026175572e+00,2.727090240373103214e+00,2.916518844085107531e+00,1.802434607333333272e+00
3.395468657352601394e+00,1.725560001989659531e+00,3.189725351053701759e-03,4.836309419407212928e+00,2.936852526946899467e+00,2.867465932794884598e+00,1.824672328666666621e+00
3.417706378591527816e+00,1.709649889921013743e+00,4.028920271823152599e-03,4.777158160788250285e+00,3.146614813520695275e+00,2.818413021504661664e+00,1.846910049999999970e+00
3.439944099830454238e+00,1.693739777852367956e+00,4.868115192592603439e-03,4.718006902169287642e+00,3.356377100094491084e+00,2.769360110214438286e+00,1.869147771333333319e+00
3.462181821069380661e+00,1.677829665783721946e+00,5.707310113362054280e-03,4.658855643550324999e+00,3.566139386668287337e+00,2.720307198924215353e+00,1.891385492666666668e+00
3.484419542308306639e+00,1.661919553715076159e+00,6.546505034131505987e-03,4.599704384931362355e+00,3.775901673242083589e+00,2.671254287633992419e+00,1.913623214000000017e+00
3.506657263547233061e+00,1.646009441646430149e+00,7.385699954900956828e-03,4.540553126312399712e+00,3.985663959815878954e+00,2.622201376343769041e+00,1.935860935333333366e+00
3.528894984786159483e+00,1.630099329577784362e+00,8.224894875670407668e-03,4.481401867693437069e+00,4.195426246389675207e+00,2.573148465053546108e+00,1.958098656666666715e+00
3.551132706025502017e+00,1.641650919620005977e+00,7.402405388103367075e-03,4.412694470642051670e+00,4.404202152468665865e+00,2.520704885548191498e+00,1.980336378000000064e+00
3.573370427264844995e+00,1.653202509662227593e+00,6.579915900536326481e-03,4.343987073590667158e+00,4.612978058547655635e+00,2.468261306042836889e+00,2.002574099333333191e+00
3.595608148504187529e+00,1.664754099704448986e+00,5.757426412969285021e-03,4.275279676539281759e+00,4.821753964626646294e+00,2.415817726537482280e+00,2.024811820666666762e+00
3.617845869743530063e+00,1.676305689746670602e+00,4.934936925402244427e-03,4.206572279487896360e+00,5.030529870705636952e+00,2.363374147032127670e+00,2.047049541999999889e+00
3.640083590982873041e+00,1.687857279788892217e+00,4.112447437835203834e-03,4.137864882436511849e+00,5.239305776784627611e+00,2.310930567526773061e+00,2.069287263333333460e+00
3.662321312222215575e+00,1.699408869831113833e+00,3.289957950268163241e-03,4.069157485385126449e+00,5.448081682863617381e+00,2.258486988021418451e+00,2.091524984666666587e+00
3.684559033461558109e+00,1.710960459873335449e+00,2.467468462701122647e-03,4.000450088333741050e+00,5.656857588942608039e+00,2.206043408516063842e+00,2.113762706000000158e+00
3.706796754700900642e+00,1.722512049915556842e+00,1.644978975134081187e-03,3.931742691282356539e+00,5.865633495021598698e+00,2.153599829010709232e+00,2.136000427333333285e+00
3.729034475940243620e+00,1.734063639957778458e+00,8.224894875670405933e-04,3.863035294230971139e+00,6.074409401100588468e+00,2.101156249505354623e+00,2.158238148666666856e+00
3.751272197179586154e+00,1.745615230000000073e+00,0.000000000000000000e+00,3.794327897179586184e+00,6.283185307179579127e+00,2.048712670000000013e+00,2.180475869999999983e+00
